offset:
  head_pan: 0
  head_tilt: 0
  l_ank_pitch: -0.136789 
  l_ank_roll: 0
  l_hip_pitch: 0.2
  l_hip_roll: 0.0
  l_hip_yaw: 0.0
  l_knee: 0.2
  l_sho_pitch: 0.07059758764044945
  l_sho_roll: -0.45211333477221
  r_ank_pitch: 0.1      #ngisor
  r_ank_roll: -0
  r_hip_pitch: -0.196786886 #bokong
  r_hip_roll: -0.03
  r_hip_yaw: 0
  r_knee: -0.13 #dengkul
  r_sho_pitch: -0.0755727566113556
  r_sho_roll: 0.45589894029074
