x_offset: -0.05
y_offset: 0.024
z_offset: 0.024
roll_offset: 9.740282619676833
pitch_offset: 0.3491039618470306
yaw_offset: 6.875493814777445
hip_pitch_offset: 52.13916085954653
period_time: 639.9999
dsp_ratio: 0.01
step_forward_back_ratio: 0.38
foot_height: 0.02292769
swing_right_left: 0.012
swing_top_down: 0
pelvis_offset: 0.08854084277846616
arm_swing_gain: 1.023206e-08
balance_hip_roll_gain: 0.35
balance_knee_gain: 0.5
balance_ankle_roll_gain: 0.7
balance_ankle_pitch_gain: 1
p_gain: 0
i_gain: 0
d_gain: 0