x_offset: -0.056
y_offset: 0.036
z_offset: 0.025
roll_offset: 8.594367268471807
pitch_offset: 0.3491039618470306
yaw_offset: 5.729578036685597
hip_pitch_offset: 52.13916085954653
period_time: 650
dsp_ratio: 0.01
step_forward_back_ratio: 0.38
foot_height: 0.02
swing_right_left: 0.012
swing_top_down: 0
pelvis_offset: 0.08854084277846616
arm_swing_gain: -0.6
balance_hip_roll_gain: 0.35
balance_knee_gain: 0.5
balance_ankle_roll_gain: 0.7
balance_ankle_pitch_gain: 1
p_gain: 0
i_gain: 0
d_gain: 0